HOMEWORK 6
CHRISTIAN RUA

PART 1: isLegalPosition
[1, 6, 8, 3, 7, 4, 2, 5] : true
[1, 6, 8, 3, 7, 0, 0, 0] : true
[1, 6, 8, 3, 5, 0, 0, 0] : false
[1, 6, 8, 3, 7, 0, 2, 0] : false

PART 2: nextLegalPosition
[0, 0, 0, 0, 0, 0, 0, 0] -> [1, 0, 0, 0, 0, 0, 0, 0]
[1, 6, 8, 3, 7, 4, 2, 5] -> [1, 6, 8, 5, 0, 0, 0, 0]
[1, 6, 8, 3, 7, 0, 0, 0] -> [1, 6, 8, 3, 7, 4, 0, 0]
[1, 6, 8, 3, 5, 0, 0, 0] -> [1, 6, 8, 3, 7, 0, 0, 0]
[1, 6, 8, 3, 7, 0, 2, 0] -> [1, 6, 8, 3, 7, 0, 2, 0]
[8, 8, 8, 8, 8, 8, 8, 8] -> [-1, 0, 0, 0, 0, 0, 0, 0]

PART 3: firstSolutions
n(4):  [2, 4, 1, 3] (2ms)
n(5):  [1, 3, 5, 2, 4] (1ms)
n(6):  [2, 4, 6, 1, 3, 5] (0ms)
n(7):  [1, 3, 5, 7, 2, 4, 6] (0ms)
n(8):  [1, 5, 8, 6, 3, 7, 2, 4] (1ms)
n(9):  [1, 3, 6, 8, 2, 4, 9, 7, 5] (0ms)
n(10): [1, 3, 6, 8, 10, 5, 9, 2, 4, 7] (1ms)
n(11): [1, 3, 5, 7, 9, 11, 2, 4, 6, 8, 10] (0ms)
n(12): [1, 3, 5, 8, 10, 12, 6, 11, 2, 7, 9, 4] (1ms)
n(13): [1, 3, 5, 2, 9, 12, 10, 13, 4, 6, 8, 11, 7] (1ms)
n(14): [1, 3, 5, 7, 12, 10, 13, 4, 14, 9, 2, 6, 8, 11] (5ms)
n(15): [1, 3, 5, 2, 10, 12, 14, 4, 13, 9, 6, 15, 7, 11, 8] (3ms)
n(16): [1, 3, 5, 2, 13, 9, 14, 12, 15, 6, 16, 7, 4, 11, 8, 10] (18ms)
n(17): [1, 3, 5, 2, 8, 11, 15, 7, 16, 14, 17, 4, 6, 9, 12, 10, 13] (7ms)
n(18): [1, 3, 5, 2, 8, 15, 12, 16, 13, 17, 6, 18, 7, 4, 11, 9, 14, 10] (56ms)
n(19): [1, 3, 5, 2, 4, 9, 13, 15, 17, 19, 7, 16, 18, 11, 6, 8, 10, 12, 14] (4ms)
n(20): [1, 3, 5, 2, 4, 13, 15, 12, 18, 20, 17, 9, 16, 19, 8, 10, 7, 14, 6, 11] (287ms)
n(21): [1, 3, 5, 2, 4, 9, 11, 15, 21, 18, 20, 17, 19, 7, 12, 10, 8, 6, 14, 16, 13] (17ms)
n(22): [1, 3, 5, 2, 4, 10, 14, 17, 20, 13, 19, 22, 18, 8, 21, 12, 9, 6, 16, 7, 11, 15] (2440ms)
n(23): [1, 3, 5, 2, 4, 9, 11, 13, 18, 20, 22, 19, 21, 10, 8, 6, 23, 7, 16, 12, 15, 17, 14] (38ms)
n(24): [1, 3, 5, 2, 4, 9, 11, 14, 18, 22, 19, 23, 20, 24, 10, 21, 6, 8, 12, 16, 13, 7, 17, 15] (653ms)
n(25): [1, 3, 5, 2, 4, 9, 11, 13, 15, 19, 21, 24, 20, 25, 23, 6, 8, 10, 7, 14, 16, 18, 12, 17, 22] (89ms)
n(26): [1, 3, 5, 2, 4, 9, 11, 13, 15, 21, 23, 25, 20, 22, 24, 26, 10, 7, 16, 12, 8, 6, 18, 14, 19, 17] (729ms)
n(27): [1, 3, 5, 2, 4, 9, 11, 13, 15, 17, 19, 23, 25, 27, 24, 26, 6, 10, 7, 16, 8, 12, 14, 21, 18, 20, 22] (895ms)
n(28): [1, 3, 5, 2, 4, 9, 11, 13, 15, 17, 23, 25, 22, 28, 26, 24, 27, 7, 12, 16, 18, 8, 10, 14, 20, 6, 21, 19] (6352ms)
n(29): [1, 3, 5, 2, 4, 9, 11, 13, 15, 6, 20, 24, 26, 21, 29, 27, 25, 28, 8, 12, 7, 16, 10, 17, 22, 14, 18, 23, 19] (3437ms)
n(30): [1, 3, 5, 2, 4, 9, 11, 13, 15, 7, 23, 26, 28, 25, 22, 24, 30, 27, 29, 16, 12, 10, 8, 6, 18, 20, 17, 14, 21, 19] (134250ms)
n(31): [1, 3, 5, 2, 4, 9, 11, 13, 15, 6, 18, 23, 26, 28, 31, 25, 27, 30, 7, 17, 29, 14, 10, 8, 20, 12, 16, 19, 22, 24, 21] (33953ms)
n(32): [1, 3, 5, 2, 4, 9, 11, 13, 15, 6, 18, 24, 26, 30, 25, 31, 28, 32, 27, 29, 16, 19, 10, 8, 17, 12, 21, 7, 14, 23, 20, 22] (245853ms)
Total elapsed time (ms): 429094

PART 4: allSolutions
There are 2 solutions to the 4-Queens Problem (0ms)
There are 10 solutions to the 5-Queens Problem (1ms)
There are 4 solutions to the 6-Queens Problem (0ms)
There are 40 solutions to the 7-Queens Problem (0ms)
There are 92 solutions to the 8-Queens Problem (5ms)
There are 352 solutions to the 9-Queens Problem (12ms)
There are 724 solutions to the 10-Queens Problem (21ms)
There are 2680 solutions to the 11-Queens Problem (94ms)
There are 14200 solutions to the 12-Queens Problem (504ms)
There are 73712 solutions to the 13-Queens Problem (2985ms)
There are 365596 solutions to the 14-Queens Problem (19175ms)
There are 2279184 solutions to the 15-Queens Problem (129913ms)
Total elapsed time (ms): 152710

Process finished with exit code 0
